[app/install/install_source_checksum]
version = 9.2.1
modtime = 1721554242.172120000

[inputs/modinput_eventgen%3A%2F%2Fdefault]
version = 9.2.1
modtime = 1721555715.351850000
